date,lab_tested,lab_tested_new,confirmed,confirmed_new,inpatient,inpatient_new,ICU,ICU_new,death,death_new
2020-01-31,1,NA,0,NA,0,NA,0,NA,0,NA
2020-02-01,2,1,0,0,0,0,0,0,0,0
2020-02-04,3,1,0,0,0,0,0,0,0,0
2020-02-05,4,1,0,0,0,0,0,0,0,0
2020-02-10,6,2,0,0,0,0,0,0,0,0
2020-02-14,7,1,0,0,0,0,0,0,0,0
2020-02-16,9,2,0,0,0,0,0,0,0,0
2020-02-17,11,2,0,0,0,0,0,0,0,0
2020-02-18,12,1,0,0,0,0,0,0,0,0
2020-02-20,12,0,0,0,0,0,0,0,0,0
2020-02-21,12,0,0,0,0,0,0,0,0,0
2020-02-22,12,0,0,0,0,0,0,0,0,0
2020-02-23,13,1,0,0,0,0,0,0,0,0
2020-02-24,16,3,0,0,0,0,0,0,0,0
2020-02-25,19,3,0,0,0,0,0,0,0,0
2020-02-26,25,6,0,0,0,0,0,0,0,0
2020-02-27,51,26,0,0,0,0,0,0,0,0
2020-02-28,59,8,0,0,0,0,0,0,0,0
2020-02-29,70,11,0,0,0,0,0,0,0,0
2020-03-01,85,15,0,0,0,0,0,0,0,0
2020-03-02,85,0,2,2,2,2,0,0,0,0
2020-03-03,101,16,4,2,4,2,0,0,0,0
2020-03-04,117,16,6,2,6,2,0,0,0,0
2020-03-05,147,30,9,3,9,3,0,0,0,0
2020-03-06,181,34,13,4,13,4,0,0,0,0
2020-03-07,224,43,21,8,21,8,0,0,0,0
2020-03-08,281,57,30,9,30,9,0,0,0,0
